1 0.96925 0.97777 0.98468 0.98226 0.98679 0.93345 0.96988 0.98133 0.89969
0.96925 1 0.99614 0.98964 0.98842 0.98513 0.97594 0.98189 0.98904 0.95127
0.97777 0.99614 1 0.99216 0.99046 0.99004 0.96904 0.98283 0.9934 0.9416
0.98468 0.98964 0.99216 1 0.9945 0.99613 0.95691 0.98425 0.99521 0.927
0.98226 0.98842 0.99046 0.9945 1 0.99571 0.96032 0.98047 0.99096 0.93176
0.98679 0.98513 0.99004 0.99613 0.99571 1 0.94769 0.97875 0.99281 0.91568
0.93345 0.97594 0.96904 0.95691 0.96032 0.94769 1 0.975 0.95666 0.98958
0.96988 0.98189 0.98283 0.98425 0.98047 0.97875 0.975 1 0.9848 0.95943
0.98133 0.98904 0.9934 0.99521 0.99096 0.99281 0.95666 0.9848 1 0.93162
0.89969 0.95127 0.9416 0.927 0.93176 0.91568 0.98958 0.95943 0.93162 1
