   1.00000    0.06426    0.61674    0.59611    0.71131    0.40872    0.37320    0.19054    0.70616    0.50510
   0.06426    1.00000    0.16559    0.16284    0.12363    0.02624    0.27739    0.00427    0.14665    0.10235
   0.61674    0.16559    1.00000    0.54168    0.70417    0.23177    0.51737    0.08557    0.79785    0.45396
   0.59611    0.16284    0.54168    1.00000    0.77009    0.34977    0.65242    0.11527    0.69458    0.71765
   0.71131    0.12363    0.70417    0.77009    1.00000    0.33226    0.56093    0.14572    0.81471    0.72961
   0.40872    0.02624    0.23177    0.34977    0.33226    1.00000    0.35353    0.56367    0.22263    0.29280
   0.37320    0.27739    0.51737    0.65242    0.56093    0.35353    1.00000    0.10687    0.48416    0.54743
   0.19054    0.00427    0.08557    0.11527    0.14572    0.56367    0.10687    1.00000    0.07425    0.14445
   0.70616    0.14665    0.79785    0.69458    0.81471    0.22263    0.48416    0.07425    1.00000    0.55167
   0.50510    0.10235    0.45396    0.71765    0.72961    0.29280    0.54743    0.14445    0.55167    1.00000
