1 0.93368 0.98799 0.98715 0.99152 0.97788 0.97566 0.9594 0.99134 0.98307
0.93368 1 0.95604 0.95564 0.94908 0.91301 0.96845 0.87248 0.95314 0.94461
0.98799 0.95604 1 0.98479 0.99127 0.96411 0.98366 0.94039 0.99437 0.98045
0.98715 0.95564 0.98479 1 0.99349 0.97408 0.98938 0.94742 0.99093 0.99174
0.99152 0.94908 0.99127 0.99349 1 0.97283 0.98565 0.95299 0.99489 0.99215
0.97788 0.91301 0.96411 0.97408 0.97283 1 0.97434 0.98577 0.96314 0.96976
0.97566 0.96845 0.98366 0.98938 0.98565 0.97434 1 0.94563 0.98203 0.98505
0.9594 0.87248 0.94039 0.94742 0.95299 0.98577 0.94563 1 0.93706 0.95278
0.99134 0.95314 0.99437 0.99093 0.99489 0.96314 0.98203 0.93706 1 0.98524
0.98307 0.94461 0.98045 0.99174 0.99215 0.96976 0.98505 0.95278 0.98524 1
