Experiment parameters:
   exp_group = 10_2_soft_wn_zhao, exp_id = 2
   Data file (image data): pickle_jar/10_2-100.p
   nb_epoch = 50, batch_size = 32, model_name = "vgg16"
   Using affinity matrix: data_files/10_2/aff_wordnet_zhao
      soft_label_decay_factor = 9.0
   Validating every 1 epochs.
   Weights are NOT being saved.
   Weights are NOT being loaded.
Loading pickled data...
Done in 14.12 seconds.
Loading affinity matrix for soft labels from text file...
[[ 1.          0.35714287  0.27272728  0.45454547  0.27777779  0.27777779
   0.36363637  0.72727275  0.38461539  0.36363637]
 [ 0.35714287  1.          0.21428572  0.5         0.44444445  0.44444445
   0.2857143   0.35714287  0.71428573  0.2857143 ]
 [ 0.27272728  0.21428572  1.          0.27272728  0.16666667  0.16666667
   0.33333334  0.27272728  0.23076923  0.33333334]
 [ 0.45454547  0.5         0.27272728  1.          0.3888889   0.3888889
   0.36363637  0.45454547  0.53846157  0.36363637]
 [ 0.27777779  0.44444445  0.16666667  0.3888889   1.          0.94444442
   0.22222222  0.27777779  0.44444445  0.22222222]
 [ 0.27777779  0.44444445  0.16666667  0.3888889   0.94444442  1.
   0.22222222  0.27777779  0.44444445  0.22222222]
 [ 0.36363637  0.2857143   0.33333334  0.36363637  0.22222222  0.22222222
   1.          0.36363637  0.30769232  0.71428573]
 [ 0.72727275  0.35714287  0.27272728  0.45454547  0.27777779  0.27777779
   0.36363637  1.          0.38461539  0.36363637]
 [ 0.38461539  0.71428573  0.23076923  0.53846157  0.44444445  0.44444445
   0.30769232  0.38461539  1.          0.30769232]
 [ 0.36363637  0.2857143   0.33333334  0.36363637  0.22222222  0.22222222
   0.71428573  0.36363637  0.30769232  1.        ]]
Re-scaled soft labels.
[[  1.00000000e+00   3.07111628e-03   1.43663026e-03   7.37919658e-03
    1.50343915e-03   1.50343915e-03   3.25594563e-03   8.59022513e-02
    3.93257337e-03   3.25594563e-03]
 [  3.07111628e-03   1.00000000e+00   8.49019561e-04   1.11089963e-02
    6.73794700e-03   6.73794700e-03   1.61475549e-03   3.07111628e-03
    7.64263049e-02   1.61475549e-03]
 [  1.43663026e-03   8.49019561e-04   1.00000000e+00   1.43663026e-03
    5.53084363e-04   5.53084363e-04   2.47875345e-03   1.43663026e-03
    9.84794926e-04   2.47875345e-03]
 [  7.37919658e-03   1.11089963e-02   1.43663026e-03   1.00000000e+00
    4.08677151e-03   4.08677151e-03   3.25594563e-03   7.37919658e-03
    1.57039072e-02   3.25594563e-03]
 [  1.50343915e-03   6.73794700e-03   5.53084363e-04   4.08677151e-03
    1.00000000e+00   6.06530488e-01   9.11881973e-04   1.50343915e-03
    6.73794700e-03   9.11881973e-04]
 [  1.50343915e-03   6.73794700e-03   5.53084363e-04   4.08677151e-03
    6.06530488e-01   1.00000000e+00   9.11881973e-04   1.50343915e-03
    6.73794700e-03   9.11881973e-04]
 [  3.25594563e-03   1.61475549e-03   2.47875345e-03   3.25594563e-03
    9.11881973e-04   9.11881973e-04   1.00000000e+00   3.25594563e-03
    1.96793769e-03   7.64263049e-02]
 [  8.59022513e-02   3.07111628e-03   1.43663026e-03   7.37919658e-03
    1.50343915e-03   1.50343915e-03   3.25594563e-03   1.00000000e+00
    3.93257337e-03   3.25594563e-03]
 [  3.93257337e-03   7.64263049e-02   9.84794926e-04   1.57039072e-02
    6.73794700e-03   6.73794700e-03   1.96793769e-03   3.93257337e-03
    1.00000000e+00   1.96793769e-03]
 [  3.25594563e-03   1.61475549e-03   2.47875345e-03   3.25594563e-03
    9.11881973e-04   9.11881973e-04   7.64263049e-02   3.25594563e-03
    1.96793769e-03   1.00000000e+00]]
Building model...
Building "vgg16" model.
--------------------------------------------------------------------------------
Initial input shape: (None, 3, 224, 224)
--------------------------------------------------------------------------------
Layer (name)                  Output Shape                  Param #             
--------------------------------------------------------------------------------
ZeroPadding2D (zeropadding2d) (None, 3, 226, 226)           0                   
Convolution2D (convolution2d) (None, 64, 224, 224)          1792                
ZeroPadding2D (zeropadding2d) (None, 64, 226, 226)          0                   
Convolution2D (convolution2d) (None, 64, 224, 224)          36928               
MaxPooling2D (maxpooling2d)   (None, 64, 112, 112)          0                   
ZeroPadding2D (zeropadding2d) (None, 64, 114, 114)          0                   
Convolution2D (convolution2d) (None, 128, 112, 112)         73856               
ZeroPadding2D (zeropadding2d) (None, 128, 114, 114)         0                   
Convolution2D (convolution2d) (None, 128, 112, 112)         147584              
MaxPooling2D (maxpooling2d)   (None, 128, 56, 56)           0                   
ZeroPadding2D (zeropadding2d) (None, 128, 58, 58)           0                   
Convolution2D (convolution2d) (None, 256, 56, 56)           295168              
ZeroPadding2D (zeropadding2d) (None, 256, 58, 58)           0                   
Convolution2D (convolution2d) (None, 256, 56, 56)           590080              
ZeroPadding2D (zeropadding2d) (None, 256, 58, 58)           0                   
Convolution2D (convolution2d) (None, 256, 56, 56)           590080              
MaxPooling2D (maxpooling2d)   (None, 256, 28, 28)           0                   
ZeroPadding2D (zeropadding2d) (None, 256, 30, 30)           0                   
Convolution2D (convolution2d) (None, 512, 28, 28)           1180160             
ZeroPadding2D (zeropadding2d) (None, 512, 30, 30)           0                   
Convolution2D (convolution2d) (None, 512, 28, 28)           2359808             
ZeroPadding2D (zeropadding2d) (None, 512, 30, 30)           0                   
Convolution2D (convolution2d) (None, 512, 28, 28)           2359808             
MaxPooling2D (maxpooling2d)   (None, 512, 14, 14)           0                   
ZeroPadding2D (zeropadding2d) (None, 512, 16, 16)           0                   
Convolution2D (convolution2d) (None, 512, 14, 14)           2359808             
ZeroPadding2D (zeropadding2d) (None, 512, 16, 16)           0                   
Convolution2D (convolution2d) (None, 512, 14, 14)           2359808             
ZeroPadding2D (zeropadding2d) (None, 512, 16, 16)           0                   
Convolution2D (convolution2d) (None, 512, 14, 14)           2359808             
MaxPooling2D (maxpooling2d)   (None, 512, 7, 7)             0                   
Flatten (flatten)             (None, 25088)                 0                   
Dense (dense)                 (None, 4096)                  102764544           
Dropout (dropout)             (None, 4096)                  0                   
Dense (dense)                 (None, 4096)                  16781312            
Dropout (dropout)             (None, 4096)                  0                   
Dense (dense)                 (None, 10)                    40970               
--------------------------------------------------------------------------------
Total params: 134301514
--------------------------------------------------------------------------------
Done in 26.63 seconds.
Training model...
Epoch 1/50
128/200 [==================>...........] - ETA: 1s200/200 [==============================] - 4s     
val loss: 2.72739882469
acc: 0.1
